1komma2_brockhoff_noiseless.tar.gz
1komma2mir_brockhoff_noiseless.tar.gz
1komma2mirser_brockhoff_noiseless.tar.gz
1komma2ser_brockhoff_noiseless.tar.gz
1komma4_brockhoff_noiseless.tar.gz
1komma4mir_brockhoff_noiseless.tar.gz
1komma4mirser_brockhoff_noiseless.tar.gz
1komma4ser_brockhoff_noiseless.tar.gz
1plus1_brockhoff_noiseless.tar.gz
1plus2mirser_brockhoff_noiseless.tar.gz
ABC_elabd_noiseless.tar.gz
AVGNEWUOA_ros_noiseless.tar.gz
CMAEGS_finck_noiseless.tar.gz
DE-F-AUC_fialho_noiseless.tar.gz
DEuniform_fialho_noiseless.tar.gz
IPOP-ACTCMA-ES_ros_noiseless.tar.gz
IPOP-CMA-ES_ros_noiseless.tar.gz
MOS_torre_noiseless.tar.gz
NBC-CMA_preuss_noiseless.tar.gz
PM-AdapSS-DE_fialho_noiseless.tar.gz
RCGA_tran_noiseless.tar.gz
SPSA_finck_noiseless.tar.gz
oPOEMS_kubalic_noiseless.tar.gz
pPOEMS_kubalic_noiseless.tar.gz
